-7.230396 -35.870853
-7.229749 -35.871439
-7.226769 -35.872141
-7.224580 -35.875654
-7.225138 -35.876582
-7.225109 -35.876789
-7.225200 -35.877017
-7.225333 -35.877127
-7.225554 -35.877122
-7.225754 -35.877180
-7.226036 -35.877176
-7.227032 -35.876964
-7.227366 -35.877002
-7.227522 -35.877093
-7.227723 -35.877264
-7.228363 -35.878231
-7.228390 -35.878389
-7.228370 -35.878958
-7.228475 -35.879360
-7.228611 -35.879557
-7.229850 -35.880518
-7.229934 -35.880704
-7.229922 -35.880918
-7.229865 -35.881047
-7.229853 -35.881189
-7.229700 -35.881394
-7.229068 -35.881910
-7.228320 -35.883161
-7.228020 -35.883937
-7.227896 -35.884101
-7.227807 -35.884187
-7.227160 -35.884701
-7.227033 -35.884737
-7.226741 -35.884735
-7.226316 -35.884670
-7.225798 -35.884538
-7.225618 -35.885431
-7.225425 -35.885973
-7.225322 -35.886136
-7.225190 -35.886274
-7.225058 -35.886390
-7.224429 -35.886797
-7.224040 -35.887021
-7.223603 -35.887279
-7.222110 -35.888166
-7.221738 -35.888368
-7.221608 -35.888402
-7.221244 -35.888573
-7.220897 -35.888718
-7.220765 -35.888763
-7.220621 -35.888833
-7.217894 -35.899338
-7.217624 -35.900576
-7.216707 -35.904367
-7.216141 -35.904397
-7.216321 -35.905628
-7.214028 -35.905736
-7.214056 -35.907005
-7.212341 -35.907018
-7.212346 -35.907269
-7.212480 -35.907258