0.000493 -51.060618
0.000520 -51.062369
0.000001 -51.062372
-0.000392 -51.062349
-0.001487 -51.062268
-0.002048 -51.062193
-0.000832 -51.062328
-0.000001 -51.062372
0.000524 -51.062366
0.000547 -51.064005
0.000543 -51.064948
0.000570 -51.066430
0.000556 -51.067164
0.000597 -51.069241
0.000605 -51.070673
0.000611 -51.072521
0.000729 -51.074538
0.000772 -51.077467
0.001649 -51.078335
0.001963 -51.078700
0.001999 -51.079846
0.002410 -51.079879
0.002410 -51.081872
0.002596 -51.087758
0.0 -51.087782
-0.000129 -51.087761
-0.000097 -51.090196
0.000547 -51.090207
0.000520 -51.087767
-0.000794 -51.087745
-0.000813 -51.088961
-0.000782 -51.090220
-0.000770 -51.091400
0.0 -51.093170