-7.227296 -35.885209
-7.229433 -35.893759
-7.229731 -35.900432
-7.229285 -35.905369
-7.243385 -35.936802
-7.250550 -35.934314
-7.253560 -35.951307
-7.256035 -35.984114
-7.276323 -36.027640
-7.275672 -36.071951
-7.270730 -36.108135
-7.269040 -36.148514
-7.259026 -36.176570
-7.260426 -36.235018
-7.274254 -36.245920
-7.291592 -36.302970
-7.312300 -36.338232
-7.331016 -36.415976
-7.345149 -36.464568
-7.382213 -36.525763
-7.405612 -36.534638
-7.492708 -36.655417
-7.492476 -36.675745
-7.602935 -36.813557
-7.633261 -36.857705
-7.660349 -36.874523
-7.668452 -36.873588
-7.747620 -36.977305
-7.892495 -37.111857
-7.903099 -37.121308
-7.899918 -37.133234
-7.911100 -37.145888
-7.912233 -37.149972
-7.924428 -37.167389
-7.938798 -37.191982
-7.953536 -37.208193
-7.954301 -37.211503
-7.957794 -37.213545
-7.961164 -37.211163
-7.967935 -37.210668
-7.973235 -37.210822
-7.979730 -37.214782
-7.983590 -37.218866
-7.998632 -37.225114
-8.004330 -37.229043
-8.016277 -37.232941
-8.033554 -37.245068
-8.043877 -37.247883
-8.047553 -37.248595
-8.055303 -37.252121
-8.059928 -37.252431
-8.061796 -37.254349
-8.063205 -37.255617
-8.062225 -37.256731
-8.061122 -37.262052
-8.059254 -37.266228
-8.061153 -37.277891
-8.062929 -37.285872
-8.064859 -37.286429
-8.067677 -37.305300
-8.063726 -37.323583
-8.073343 -37.351920
-8.070189 -37.362469
-8.076345 -37.372739
-8.078795 -37.388022
-8.080755 -37.420132
-8.081719 -37.479194
-8.083403 -37.483957
-8.082086 -37.488381
-8.083106 -37.545621
-8.085914 -37.566928
-8.094256 -37.572843
-8.092090 -37.585237
-8.088518 -37.633402
-8.083896 -37.646970
-8.080327 -37.677100
-8.087469 -37.702772
-8.089147 -37.733956
-8.088308 -37.779572
-8.061211 -37.808000
-8.047135 -37.842369
-8.044406 -37.899863
-8.040200 -37.917894
-8.039783 -37.940597
-8.023399 -38.008486
-8.039987 -38.034576
-8.038518 -38.044125
-8.042932 -38.060038
-8.036424 -38.104169
-8.031172 -38.113928
-8.032012 -38.129627
-8.025916 -38.181180
-8.009324 -38.218946
-8.012265 -38.230826
-8.009324 -38.243767
-7.993568 -38.245464
-7.989786 -38.249706
-7.981377 -38.290438
-7.982415 -38.301465
-7.979477 -38.311652
-8.000496 -38.355148
-8.000079 -38.376789
-7.994827 -38.389730
-7.999449 -38.413279
-8.002179 -38.449982
-8.003651 -38.487321
-8.010163 -38.505779
-8.007615 -38.517836
-8.007615 -38.517836
-8.010148 -38.551801
-8.013516 -38.578541
-8.005956 -38.595094
-8.006168 -38.607188
-7.994826 -38.623951
-7.984112 -38.629467
-7.982011 -38.634559
-7.984953 -38.640923
-7.986634 -38.647712
-7.999870 -38.671260
-8.013734 -38.692476
-8.028634 -38.726198
-8.024648 -38.746996
-8.025705 -38.776278
-8.015837 -38.822952
-8.019408 -38.840135
-8.023398 -38.867290
-8.007419 -38.918410
-8.008053 -38.933690
-8.014359 -38.948755
-8.005958 -38.961488
-8.008062 -38.986948
-8.012894 -38.996282
-8.012475 -39.015588
-8.017307 -39.025347
-8.021087 -39.045714
-8.034307 -39.053968
-8.036620 -39.060972
-8.041034 -39.065216
-8.059738 -39.101502
-8.063522 -39.128450
-8.067304 -39.137362
-8.074868 -39.162823
-8.061632 -39.205895
-8.077597 -39.331062
-8.079903 -39.395766
-8.088007 -39.437659
-8.079094 -39.475984
-8.090266 -39.509076
-8.085857 -39.523505
-8.095102 -39.556390
-8.093001 -39.565301
-8.095942 -39.585881
-8.086068 -39.602209
-7.889206 -40.063016
-7.877439 -40.078504
-7.865668 -40.104794
-7.806613 -40.180976
-7.806403 -40.188614
-7.788327 -40.210252
-7.784329 -40.233801
-7.772560 -40.257352
-7.750699 -40.266688
-7.742708 -40.281960
-7.731778 -40.304875
-7.676274 -40.372549
-7.660711 -40.406894
-7.645570 -40.416451
-7.615507 -40.484570
-7.585857 -40.498361
-7.584382 -40.504717
-7.568400 -40.527636
-7.489950 -40.590012
-7.492895 -40.599771
-7.458397 -40.632655
-7.446617 -40.656840
-7.445355 -40.662780
-7.441568 -40.667235
-7.426209 -40.692905
-7.423263 -40.707964
-7.408326 -40.715393
-7.404328 -40.714333
-7.401594 -40.719849
-7.392759 -40.739793
-7.373825 -40.754645
-7.356993 -40.758251
-7.343945 -40.780738
-7.335529 -40.783285
-7.207788 -40.890423
-7.183792 -40.896151
-7.146745 -40.920973
-7.143797 -40.929246
-7.092641 -41.388351
-7.083165 -41.414233
-7.077271 -41.443300
-7.080850 -41.456454
-7.075166 -41.467486
-7.077903 -41.482549
-7.077692 -41.499521
-7.078112 -41.509069
-7.068848 -41.509068
-7.035162 -41.555318
-7.026529 -41.557863
-7.021896 -41.563803
-7.021264 -41.574199
-6.994733 -41.624056
-6.968832 -41.646119
-6.968410 -41.653969
-6.974514 -41.680064
-6.950089 -41.697250
-6.955985 -41.721648
-6.950931 -41.725466
-6.945876 -41.735013
-6.934503 -41.744772
-6.897435 -41.742441
-6.877636 -41.748592
-6.834456 -41.736709
-6.794437 -41.738622
-6.780320 -41.728437
-6.662749 -41.717192
-6.637250 -41.720587
-6.589622 -41.724830
-6.395059 -41.756654
-6.379668 -41.766836
-6.326953 -41.832179
-6.313670 -41.844062
-6.310507 -41.853821
-6.313458 -41.863793
-6.315568 -41.903889
-6.311772 -41.917043
-6.281617 -41.943986
-6.269595 -41.955866
-6.260107 -41.958202
-6.248507 -41.965839
-6.240071 -41.964354
-6.230790 -41.971142
-6.230368 -41.981326
-6.223621 -42.004875
-6.227839 -42.015908
-6.240282 -42.038399
-6.236909 -42.049427
-6.229316 -42.058126
-6.215606 -42.084858
-6.212231 -42.088889
-6.203582 -42.108621
-6.180173 -42.127292
-6.167938 -42.125593
-6.160136 -42.129195
-6.152963 -42.131317
-6.142205 -42.137683
-6.137776 -42.147231
-6.130182 -42.151899
-6.127229 -42.156142
-6.118581 -42.164628
-6.107611 -42.183297
-6.103813 -42.200269
-6.106766 -42.210453
-6.099803 -42.216393
-6.096849 -42.224658
-6.058244 -42.257552
-6.055292 -42.267312
-6.043900 -42.283224
-6.023856 -42.299978
-5.996850 -42.327139
-5.976594 -42.333080
-5.916675 -42.397301
-5.887752 -42.414724
-5.884586 -42.417910
-5.860101 -42.431714
-5.854405 -42.449543
-5.847863 -42.458669
-5.842376 -42.464824
-5.838578 -42.470553
-5.836469 -42.492195
-5.826128 -42.497925
-5.825073 -42.504714
-5.821697 -42.507260
-5.804602 -42.528263
-5.800591 -42.538446
-5.794681 -42.546083
-5.786871 -42.551811
-5.785815 -42.560933
-5.780119 -42.565565
-5.784975 -42.575541
-5.773363 -42.588705
-5.765341 -42.608445
-5.754575 -42.619270
-5.736630 -42.614180
-5.726073 -42.606754
-5.677514 -42.597421
-5.672868 -42.595936
-5.667377 -42.591480
-5.632131 -42.592538
-5.621363 -42.601876
-5.612073 -42.605484
-5.605950 -42.610577
-5.597082 -42.614185
-5.585047 -42.614398
-5.576601 -42.616732
-5.556329 -42.612065
-5.547883 -42.615459
-5.542397 -42.622663
-5.521067 -42.640490
-5.510930 -42.637520
-5.506495 -42.640703
-5.503539 -42.641764
-5.470593 -42.636250
-5.447576 -42.634127
-5.432791 -42.635613
-5.413994 -42.643038
-5.392028 -42.660434
-5.386958 -42.669981
-5.373652 -42.671043
-5.351471 -42.678679
-5.342178 -42.685681
-5.337108 -42.697138
-5.321479 -42.699249
-5.299085 -42.709862
-5.277537 -42.725778
-5.249016 -42.730447
-5.229581 -42.749541
-5.145912 -42.774999
-5.136403 -42.789001
-5.115273 -42.796213
-5.107031 -42.781786
-5.106814 -42.777272
-5.102128 -42.776039
-5.096871 -42.776665
-5.093170 -42.777185
-5.090576 -42.775727
-5.086892 -42.776491
-5.081134 -42.777620
-5.080165 -42.774651
-5.061038 -42.768747
-5.043812 -42.767897
-5.044556 -42.766699